API_KEY = Q9QSH1A-ADK4E4E-JNVHM9T-M0V26J1
UUID = ba6f9885-5366-4711-9577-1a27a0362348
CLIENT_ID=762172607991-1n0btcumon5dhi026cij2qhgfrjktodq.apps.googleusercontent.com
CLIENT_SECRET=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
JWT_SECRET=ABCD
DB_USER=admin
DB_PW=alstjq12345
DB_HOST=natreeumrdsdb.cji70q1ht1ko.ap-northeast-2.rds.amazonaws.com
DB_PORT=3306
DB_NAME=natreeumDB
# BANK_SECRET_KEY=84,191,136,160,43,130,186,153,246,53,11,105,245,26,160,188,127,49,138,81,199,147,140,226,54,171,127,234,241,192,16,59,111,7,111,185,194,90,102,193,231,132,5,240,35,102,32,34,123,187,110,253,44,46,247,159,80,19,216,177,125,20,46,83
BANK_SECRET_KEY=48,114,227,254,113,132,159,186,63,147,234,30,101,98,250,157,120,86,231,83,121,175,132,228,60,250,114,103,153,149,162,188,180,35,23,36,241,138,140,197,204,89,158,161,121,131,25,143,58,2,30,9,245,176,9,17,77,93,61,189,147,74,29,192